0.1
1.099
2.098
3.097
4.096
5.095
6.094
7.093
8.092
9.091
10.09
11.089
12.088
13.087
14.086
15.085
16.084
17.083
18.082
19.081
20.08
21.079
22.078
23.077
24.076
25.075
26.074
27.073
28.072
29.071
30.07
31.069
32.068
33.067
34.066
35.065
36.064
37.063
38.062
39.061
40.06
41.059
42.058
43.057
44.056
45.055
46.054
47.053
48.052
49.051
50.05
51.049
52.048
53.047
54.046
55.045
56.044
57.043
58.042
59.041
60.04
61.039
62.038
63.037
64.036
65.035
66.034
67.033
68.032
69.031
70.03
71.029
72.028
73.027
74.026
75.025
76.024
77.023
78.022
79.021
80.02
81.019
82.018
83.017
84.016
85.015
86.014
87.013
88.012
89.011
90.01
91.009
92.008
93.007
94.006
95.005
96.004
97.003
98.002
99.001
